896
895
807
854
946
653
716
948
410
569
130
695
289
905
135
308
630
873
278
764
133
896
277
938
409
329
333
739
230
452
410
214
144
801
269
287
583
357
118
869
260
858
657
675
289
327
212
176
960
728
546
145
223
692
119
181
339
641
460
263
685
299
963
663
108
168
132
472
941
682
687
919
702
702
999
444
654
217
182
271
863
181
673
905
713
658
576
903
619
208
398
186
882
975
804
895
366
242
702
842
678
421
161
671
574
245
852
273
647
531
708
852
194
983
383
966
839
432
974
441
255
276
748
776
519
559
210
664
231
825
244
754
926
313
947
105
541
269
517
999
797
348
407
545
382
731
640
767
236
407
520
488
602
813
784
220
828
384
991
213
104
943
109
105
588
226
106
657
787
324
338
457
298
471
856
574
295
828
347
335
315
265
231
242
131
173
557
684
599
996
721
129
396
154
962
144
463
690
379
566
397
318
167
423
584
181
779
183
308
305
522
126
961
884
739
207
990
290
231
304
374
925
305
526
903
597
310
531
484
931
940
667
832
573
562
698
222
428
468
836
914
823
145
963
361
144
598
497
226
587
456
446
390
745
292
488
942
262
793
323
991
483
727
671
981
140
641
570
411
362
232
195
543
841
416
639
204
424
910
532
344
900
242
800
111
261
253
143
828
859
472
408
937
813
198
192
262
366
923
419
448
966
359
883
909
225
452
730
670
714
710
632
509
840
218
253
803
835
814
345
441
423
608
152
519
424
481
510
441
757
379
957
616
120
112
575
182
378
311
718
431
533
817
202
962
418
566
978
426
113
813
316
704
698
659
811
170
719
211
245
211
698
441
896
867
808
881
198
830
461
927
271
417
623
987
813
207
295
732
212
791
586
407
753
578
216
695
264
210
179
807
665
908
258
431
580
858
899
434
389
481
477
595
498
480
199
235
309
672
913
893
249
535
375
223
373
823
486
727
858
910
564
626
504
993
541
271
271
325
843
877
455
741
904
579
722
166
170
772
387
615
341
396
683
454
417
537
168
350
826
121
987
961
786
258
769
641
313
804
426
739
149
739
435
547
302
946
568
797
697
238
161
857
322
605
251
272
240
363
272
455
633
792
753
909
577
594
535
187
761
934
254
199
118
360
991
355
782
446
695