181
999
624
710
341
305
218
335
117
686
346
470
430
827
298
723
586
687
651
110
389
382
562
364
644
881
321
391
275
853
104
991
674
346
695
708
111
287
159
163
884
532
898
224
818
838
694
706
378
138
557
703
386
809
460
656
961
268
890
744
500
993
113
372
354
360
487
219
293
777
197
817
877
167
422
743
865
254
965
334
637
297
718
559
866
949
923
902
869
761
346
534
361
913
596
180
292
881
153
428
308
187
966
143
870
404
739
153
439
229
796
450
329
666
192
856
374
834
569
721
697
871
729
566
992
762
290
671
906
539
427
154
470
817
456
119
495
154
410
210
539
769
171
539
442
800
544
475
205
393
391
867
245
474
896
990
184
687
444
751
880
424
997
356
685
213
329
591
855
894
304
124
228
517
170
470
135
728
472
568
365
305
804
470
522
288
346
833
648
190
516
823
321
182
971
523
133
921
888
819
997
459
159
268
775
929
494
372
974
868
946
865
102
825
557
477
372
902
315
711
568
943
477
668
847
241
244
601
739
647
339
261
246
468
237
299
262
621
954
139
370
712
112
556
970
869
655
477
893
353
254
962
596
785
735
865
347
370
397
339
648
100
814
677
827
841
402
785
330
960
821
635
602
355
523
980
810
910
273
268
390
911
747
489
298
303
433
582
596
889
846
198
101
633
386
199
289
512
251
666
984
754
447
892
332
647
786
262
931
615
861
275
212
143
117
724
816
839
352
222
870
594
281
941
295
630
826
442
395
471
816
714
117
561
726
499
531
445
608
106
871
940
354
481
302
603
273
697
505
875
119
673
123
487
427
777
979
369
186
696
816
707
931
206
467
776
650
633
367
574
991
184
254
683
107
665
330
317
546
993
816
119
178
725
363
211
456
969
587
162
659
196
846
927
210
898
606
524
920
672
472
361
300
126
124
675
785
426
559
443
885
182
772
981
457
949
860
300
340
408
641
565
585
196
526
881
366
509
892
120
499
380
878
729
251
967
852
268
637
456
771
233
445
692
406
315
625
657
723
983
592
389
171
713
154
953
195
503
736
275
646
954
678
714
558
970
480
949
384
251
458
133
915
470
281
733
298
464
407
624
877
422
409
731
626
937
496
909
668
851
817
552
404
438
298
440
588
568
251
149